416
152
443
149
457
184
240
220
83
199
304
290
27
87
239
67
182
14
101
219
284
98
46
54
413
13
415
142
26
457
442
423
198
185
414
224
475
139
190
251
207
237
220
491
28
95
405
374
355
466
331
57
164
370
326
358
346
108
377
297
381
234
248
485
145
390
399
383
68
87
326
129
167
390
227
154
265
3
282
209
491
46
364
266
430
438
202
182
70
57
136
328
249
404
343
212
69
141
131
476
22
35
358
486
423
479
362
19
472
51
146
241
134
216
304
336
37
82
263
97
73
440
240
326
290
167
40
455
425
194
263
5
132
376
25
384
264
250
428
242
457
423
27
188
400
376
374
418
64
444
149
127
348
266
176
213
415
309
214
298
298
425
218
113
261
404
296
169
284
385
82
192
215
207
458
10
393
423
347
333
416
207
189
184
75
396
44
193
380
8
215
379
328
176
1
370
263
102
6
119
358
190
165
86
348
291
187
441
28
414
97
320
407
193
327
283
133
121
298
241
467
98
402
71
348
405
252
386
132
291
318
490
245
241
261
470
289
474
402
112
301
14
36
481
164
42
286
252
453
386
433
193
353
312
53
122
393
303
82
139
178
232
36
117
367
429
331
229
91
3
26
493
98
98
161
242
140
288
86
369
88
294
12
245
403
370
363
356
129
115
415
290
399
426
211
472
91
207
258
90
132
132
180
37
203
176
276
448
497
92
232
325
380
305
184
130
213
370
292
350
62
456
183
278
490
160
83
140
269
13
193
47
493
174
73
128
64
318
128
315
416
236
454
466
271
327
427
376
469
67
256
446
200
149
237
45
180
482
33
330
247
273
303
156
396
137
498
249
287
317
301
480
251
479
275
118
96
142
34
435
17
172
214
395
260
163
382
453
12
474
3
11
138
60
375
289
202
94
343
444
441
163
265
365
232
429
207
329
308
136
473
234
291
188
269
16
17
99
50
389
206
58
85
178
70
142
426
118
485
25
419
353
500
37
61
467
117
327
427
48
339
351
330
324
156
486
443
77
369
206
399
385
55
70
132
477
428
90
298
421
286
71
78
410
454
68
396
242
127
218
486
139
424
451
189
481
205
11
459
242
281
300
78
256
306
391
90
152
207
340
261
293
29
482
398
300
190
115
144
498
